 100.0	 -1.0
 101.7	 -1.0
  73.5	 -1.0
  85.7	 -1.0
  62.5	 -1.0
  65.0	 -1.0
  67.5	 -1.0
  62.7	 -1.0
  71.2	 -1.0
  74.0	 -1.0
  49.0	 -1.0
  68.3	 -1.0
  63.8	 -1.0
  65.0	 -1.0
  49.3	 -1.0
  54.5	 -1.0
  46.2	 -1.0
  44.0	 -1.0
  42.7	 -1.0
  50.0	 -1.0
  43.8	 -1.0
  40.0	 -1.0
  45.0	 -1.0
  41.7	 -1.0
  40.0	 -1.0
  20.0	 -1.0
  20.3	 -1.0
  16.0	 -1.0
  39.7	 -1.0
  16.7	 -1.0
  20.0	 -1.0
  21.2	 -1.0
  20.0	 -1.0
   9.5	 -1.0
  13.3	 -1.0
   4.3	 -1.0
   0.0	 -1.0
   0.0	 -1.0
   7.5	 -1.0
   0.0	 -1.0
  20.5	 -1.0
  22.5	 -1.0
  22.5	 -1.0
  11.2	 -1.0
  13.3	 -1.0
  19.5	 -1.0
   7.8	 -1.0
  17.5	 -1.0
  20.5	 -1.0
  12.0	 -1.0
  15.3	 -1.0
   1.5	 -1.0
   4.2	 -1.0
   3.3	 -1.0
  12.8	 -1.0
   0.5	 -1.0
   0.3	 -1.0
   0.7	 -1.0
   0.0	 -1.0
   0.0	 -1.0
   0.0	 -1.0
   0.0	 -1.0
   0.0	 -1.0
   0.0	 -1.0
   0.0	 -1.0
   0.0	 -1.0
   0.0	 -1.0
   0.0	 -1.0
   0.0	 -1.0
   0.0	 -1.0
   0.0	 -1.0
   0.0	 -1.0
   0.0	 -1.0
   0.0	 -1.0
   0.0	 -1.0
   0.0	 -1.0
   0.0	 -1.0
   0.0	 -1.0
   0.0	 -1.0
  11.0	 -1.0
   0.0	 -1.0
   4.0	 -1.0
  10.2	 -1.0
   1.3	 -1.0
   1.8	 -1.0
  18.8	 -1.0
   3.2	 -1.0
   1.2	 -1.0
   0.0	 -1.0
   1.7	 -1.0
   2.2	 -1.0
   0.8	 -1.0
  26.0	 -1.0
   8.7	 -1.0
   6.5	 -1.0
  13.2	 -1.0
  16.8	 -1.0
   0.0	 -1.0
  17.2	 -1.0
   3.2	 -1.0
  27.7	 -1.0
   9.2	 -1.0
  18.7	 -1.0
  30.5	 -1.0
  14.0	 -1.0
  25.5	 -1.0
  46.3	 -1.0
  27.8	 -1.0
  23.8	 -1.0
  37.0	 -1.0
  20.0	 -1.0
   9.5	 -1.0
  39.7	 -1.0
   9.7	 -1.0
  24.8	 -1.0
  30.8	 -1.0
   3.8	 -1.0
  13.5	 -1.0
  32.2	 -1.0
  24.2	 -1.0
  33.5	 -1.0
  32.0	 -1.0
  53.7	 -1.0
  43.7	 -1.0
  52.7	 -1.0
  16.3	 -1.0
  93.2	 -1.0
  59.2	 -1.0
  78.7	 -1.0
  52.5	 -1.0
  55.8	 -1.0
  62.0	 -1.0
 108.3	 -1.0
  43.8	 -1.0
 114.7	 -1.0
 122.8	 -1.0
  98.0	 -1.0
  73.8	 -1.0
  72.7	 -1.0
  64.7	 -1.0
  38.7	 -1.0
  79.7	 -1.0
  94.0	 -1.0
  63.5	 -1.0
  49.8	 -1.0
  60.7	 -1.0
  96.5	 -1.0
 160.3	 -1.0
  44.0	 -1.0
  35.3	 -1.0
  66.7	 -1.0
  83.3	 -1.0
  75.0	 -1.0
  61.2	 -1.0
  42.7	 -1.0
  48.2	 -1.0
  47.3	 -1.0
  58.1	  9.7
  37.4	  7.8
  42.4	  8.3
  57.5	  9.6
  88.5	 11.9
  60.8	  9.9
  46.8	  8.7
  52.6	  9.2
  43.4	  8.3
  52.8	  9.2
  18.3	  5.5
  43.0	  8.4
  54.7	  9.4
  34.6	  7.5
   6.3	  3.6
  33.7	  7.4
  32.6	  7.3
  58.3	  9.7
  52.5	  9.2
  43.5	  8.4
  24.8	  6.4
  45.9	  8.6
  41.8	  8.3
  50.9	  9.1
  32.0	  7.3
  44.4	  8.4
   7.5	  3.9
  32.3	  7.3
  48.9	  8.8
  17.9	  5.6
  34.1	  7.4
  43.1	  8.3
   8.6	  4.0
  14.9	  5.2
  13.2	  4.8
  15.1	  5.2
  36.0	  7.6
   7.0	  3.8
   9.5	  4.2
  15.2	  5.2
   2.8	  2.8
   3.0	  2.9
   4.3	  3.2
   8.0	  3.9
   7.3	  3.9
  31.4	  7.2
   7.3	  3.9
   0.4	  2.1
   0.0	  2.0
   1.5	  2.5
  26.9	  6.6
  21.7	  6.0
   2.4	  2.8
   9.3	  4.2
  13.2	  4.9
   3.4	  3.0
   0.0	  2.0
   0.6	  2.2
   0.0	  2.0
   0.0	  2.0
   0.0	  2.0
   0.0	  2.0
   1.0	  2.3
   0.0	  2.0
   0.0	  2.0
   0.0	  2.0
   0.8	  2.2
   0.0	  2.0
   0.0	  2.0
   0.0	  2.0
   0.0	  2.0
  34.0	  7.4
  36.0	  7.6
  18.0	  4.8
   0.0	  2.0
  32.3	  7.2
   4.6	  3.3
   0.0	  2.0
   0.0	  2.0
   2.3	  2.7
  34.3	  7.5
  42.0	  8.2
   0.0	  2.0
   1.4	  2.4
   8.4	  4.1
  25.9	  6.6
  37.4	  7.8
   6.2	  3.6
  25.8	  6.4
  25.6	  6.5
  51.5	  9.1
  42.8	  8.3
  26.2	  6.6
  26.0	  6.6
  19.6	  5.7
  36.7	  7.7
  29.4	  6.9
  30.2	  7.0
  61.3	  9.9
  40.0	  8.1
  53.9	  9.3
  61.7	 10.0
  87.5	 11.9
  66.0	 10.4
  31.6	  7.2
  84.4	 11.6
  65.8	 10.3
 113.6	 13.5
  57.7	  9.7
  79.0	 11.3
  96.3	 12.4
  76.7	 11.1
  93.8	 12.3
  94.4	 12.3
  70.4	 10.6
  89.4	 12.0
  82.6	 11.5
  93.5	 12.2
  80.4	 11.4
  76.8	 11.1
  88.0	 11.9
 107.3	 13.1
 108.5	 13.2
 101.9	 12.8
 148.6	 15.5
 163.4	 16.2
  90.4	 12.0
 127.3	 14.3
  83.9	 11.6
  91.1	 12.1
  95.0	 12.3
  78.1	 11.2
  71.6	 10.7
  82.3	 11.5
 120.6	 13.9
 158.4	 15.9
 112.3	 13.4
 123.2	 14.1
 151.5	 15.6
 129.3	 14.4
  88.0	 11.9
  95.3	 12.4
 112.7	 13.4
  94.1	 12.3
  87.0	 11.8
 120.1	 13.9
 141.0	 15.1
 177.3	 16.9
 110.5	 13.3
 108.4	 13.2
  73.2	 10.8
  84.6	 11.7
 103.4	 12.9
 140.6	 15.0
 135.4	 14.7
 136.8	 14.8
  79.0	 11.3
  83.6	 11.6
 155.8	 15.8
  90.9	 12.1
  63.4	 10.1
  55.6	  9.4
  75.4	 11.0
  91.6	 12.1
  63.2	 10.1
  77.1	 11.1
  72.5	 10.8
  48.3	  8.8
  51.5	  9.1
  92.6	 12.2
  91.9	 12.1
  44.8	  8.5
  68.9	 10.5
  44.5	  8.4
  23.3	  6.2
  14.8	  5.1
  13.7	  4.9
  35.2	  7.5
  23.8	  6.2
  45.8	  8.6
  18.7	  5.7
  24.9	  6.5
  19.6	  5.8
   4.6	  3.3
  21.5	  6.0
   1.7	  2.5
  11.6	  4.6
   9.5	  4.2
  19.3	  5.8
  12.5	  4.7
   9.8	  4.2
  16.6	  5.3
   8.2	  4.0
  30.1	  7.0
   6.5	  3.7
   2.4	  2.7
  14.8	  5.0
  13.1	  4.8
  14.4	  5.0
   6.6	  3.7
  19.2	  5.6
  41.3	  8.2
  50.9	  9.1
  57.5	  9.6
  12.4	  4.7
  40.7	  8.1
  32.7	  7.3
 102.4	 12.8
  72.6	 10.8
  55.2	  9.4
  99.6	 12.7
  98.5	 12.6
 168.0	 16.4
 158.6	 16.0
 166.7	 16.4
 129.3	 14.4
 147.6	 15.4
 179.4	 17.0
 163.7	 16.2
 238.0	 19.6
 185.7	 17.3
 207.9	 18.3
 194.6	 17.7
 179.6	 17.0
 158.5	 16.0
 228.9	 19.2
 201.5	 18.0
 343.8	 23.5
 313.4	 22.4
 292.6	 21.7
 224.3	 19.0
 230.3	 19.2
 186.1	 17.3
 263.4	 20.6
 271.2	 20.9
 223.5	 18.9
 160.4	 16.1
 206.2	 18.2
 178.4	 16.9
 216.1	 18.6
 241.5	 19.7
 141.3	 15.1
 234.5	 19.4
 211.1	 18.4
 229.4	 19.2
 157.6	 15.9
 180.4	 17.0
 131.3	 14.5
 122.7	 14.0
 151.5	 15.6
 129.2	 14.4
 132.9	 14.6
 175.9	 16.8
 170.8	 16.6
 129.5	 14.4
 102.9	 12.9
  89.6	 12.0
  91.2	 12.1
 141.3	 15.1
 218.8	 18.7
 221.1	 18.8
 151.5	 15.6
 114.7	 13.6
 106.2	 13.1
 135.4	 14.7
 146.1	 15.3
 112.9	 13.5
 109.8	 13.3
 115.4	 13.6
  80.9	 11.4
 101.0	 12.7
  96.4	 12.4
 123.3	 14.1
  91.7	 12.1
  90.4	 12.0
  89.5	 12.0
  40.1	  8.1
  49.9	  8.9
  49.6	  8.9
  66.9	 10.4
 112.4	 13.5
  92.8	 12.2
  51.4	  9.1
  65.4	 10.3
  60.9	  9.9
  47.4	  8.7
  32.9	  7.3
  64.8	 10.2
  34.0	  7.5
  36.8	  7.8
  36.2	  7.7
  44.9	  8.5
  41.4	  8.2
  34.2	  7.4
  21.0	  6.0
  44.4	  8.5
  30.6	  7.1
  63.5	 10.1
  67.5	 10.4
  29.3	  6.9
  22.2	  6.1
   5.9	  3.5
  13.9	  5.0
  15.8	  5.2
  35.1	  7.6
  17.6	  5.4
  15.9	  5.2
  19.6	  5.8
   6.9	  3.7
   8.9	  4.1
  31.7	  7.2
  21.2	  6.0
  15.7	  5.2
  24.5	  6.4
  22.5	  6.1
  34.6	  7.5
  19.2	  5.7
   6.2	  3.6
  35.2	  7.6
  39.7	  8.1
  11.6	  4.7
  35.9	  7.7
  17.9	  5.6
  36.0	  7.6
  42.8	  8.3
  72.8	 10.8
  72.1	 10.8
  95.0	 12.3
  79.7	 11.3
  51.8	  9.2
  51.0	  9.1
  53.9	  9.3
  49.3	  9.0
  67.8	 10.4
  65.7	 10.3
  99.5	 12.6
  64.6	 10.2
  84.9	 11.7
 106.5	 13.1
 115.5	 13.6
  99.9	 12.7
 108.4	 13.2
  77.5	 11.1
  91.3	 12.1
 178.6	 16.9
  93.4	 12.2
 100.6	 12.7
 109.1	 13.2
 104.4	 12.9
  74.9	 10.9
 143.0	 15.1
  74.6	 10.9
 125.7	 14.2
 142.2	 15.1
  87.1	 11.8
 234.3	 19.4
 268.2	 20.7
 300.6	 22.0
 231.5	 19.3
 182.6	 17.1
 265.2	 20.6
 186.4	 17.3
 181.2	 17.1
 178.6	 16.9
 170.5	 16.5
 214.9	 18.6
 232.0	 19.3
 220.9	 18.8
 167.3	 16.4
 220.6	 18.8
 191.0	 17.5
 265.8	 20.7
 298.3	 21.4
 250.3	 19.5
 182.7	 16.6
 194.7	 17.1
 153.2	 15.1
 154.2	 15.2
 148.2	 14.9
 128.6	 13.8
 178.0	 16.3
 135.7	 14.2
 188.2	 16.8
 184.3	 16.6
 148.2	 14.9
 169.8	 15.9
 156.8	 15.3
  83.8	 11.1
 117.0	 13.1
 133.0	 14.1
  74.3	 10.5
 117.0	 13.1
 163.7	 15.6
 134.9	 14.1
 104.1	 12.4
 115.9	 13.1
 143.5	 14.7
 200.1	 17.3
 122.8	 13.5
 107.3	 12.6
 118.9	 13.3
 120.0	 13.3
  68.6	 10.0
 109.0	 12.7
 128.9	 13.8
 118.7	 13.3
  96.8	 11.9
 135.5	 14.2
 129.9	 13.9
 126.2	 13.7
 116.2	 13.1
 124.3	 13.6
 104.3	 12.4
  89.0	 11.4
  80.0	 10.8
  75.3	 10.5
  71.2	 10.2
 127.9	 13.8
 103.1	 12.3
  86.1	 11.3
  77.9	 10.7
  81.5	 10.9
  71.6	 10.2
  90.4	 11.5
  65.9	  9.8
  76.0	 10.6
  87.2	 11.3
  95.8	 11.9
  63.7	  9.7
  80.5	 10.9
  54.7	  8.9
  44.5	  8.0
  29.3	  6.5
  38.0	  7.4
  39.4	  7.6
  50.3	  8.6
  45.6	  8.2
  40.1	  7.6
  35.5	  7.2
  30.1	  6.6
  42.6	  7.9
  24.1	  5.9
  53.5	  8.8
  41.1	  7.7
  23.4	  5.8
  21.6	  5.6
  33.0	  6.9
   8.4	  3.5
  17.3	  5.0
  10.0	  3.8
   0.7	  1.0
   5.9	  2.9
   0.0	  0.0
  18.3	  5.1
   7.9	  3.4
   5.8	  2.9
   1.0	  1.2
   9.3	  3.7
   0.7	  1.0
  12.4	  4.2
   0.0	  0.0
   9.8	  3.8
   8.8	  3.6
  11.3	  4.0
   8.4	  3.5
   8.5	  3.5
  14.7	  4.6
  13.7	  4.4
  26.0	  6.1
  14.2	  4.5
  10.0	  3.8
  21.1	  5.5
  54.2	  8.9
  30.5	  6.6
  42.2	  7.8
  32.0	  6.8
  80.6	 10.9
  77.1	 10.6
  59.6	  9.3
  70.7	 10.2
  74.2	 10.4
  66.3	  9.9
 109.2	 12.7
  72.8	 10.3
  78.6	 10.7
  84.5	 11.1
 107.7	 12.6
 104.9	 12.5
 152.2	 15.1
 173.2	 16.1
  98.6	 12.1
 127.0	 13.7
 159.0	 15.4
 166.4	 15.8
 171.5	 16.0
 162.9	 15.6
 172.8	 16.1
 165.2	 15.7
 180.7	 16.5
 203.0	 17.5
 200.9	 17.4
 217.8	 18.1
 184.6	 16.6
 153.9	 15.1
 156.6	 15.3
 167.9	 15.9
 188.0	 16.8
 135.7	 14.2
 203.5	 17.5
 206.3	 17.7
 221.9	 18.3
 190.5	 16.9
 175.2	 16.2
 171.1	 16.0
 186.0	 16.7
 181.7	 16.5
 118.5	 13.2
 147.5	 14.8
 192.0	 17.0
 187.1	 16.8
 107.8	 12.6
 167.5	 15.8
 148.2	 14.8
 156.7	 15.3
 151.9	 15.0
 127.7	 13.8
 102.0	 12.3
 152.8	 15.1
 119.9	 13.3
 122.4	 13.5
  82.7	 11.0
 102.1	 12.2
 122.4	 13.4
 159.7	 15.4
 139.5	 14.4
 118.7	 13.2
 126.4	 13.7
  79.8	 10.8
  96.0	 11.9
  77.6	 10.7
  91.8	 11.6
 107.7	 12.6
 126.0	 13.6
  77.1	 10.6
 102.1	 12.2
  77.6	 10.7
  62.0	  9.5
  91.3	 11.6
  41.7	  7.8
  75.7	 10.5
  71.6	 10.2
  78.1	 10.7
 109.7	 12.7
  89.5	 11.5
 125.9	 13.6
  68.1	 10.0
  77.1	 10.6
 109.9	 12.8
 103.8	 12.4
 104.1	 12.5
  54.2	  8.9
  64.4	  9.7
 109.3	 12.7
  54.3	  8.9
  92.5	 11.7
  74.6	 10.5
  75.0	 10.5
  55.9	  9.0
  65.6	  9.8
  63.8	  9.7
  50.8	  8.6
  71.8	 10.3
  41.0	  7.7
  32.5	  6.9
  46.7	  8.2
  24.3	  5.9
  60.0	  9.4
  72.9	 10.4
  46.6	  8.2
  33.5	  7.0
  24.6	  6.0
  31.4	  6.7
  17.6	  5.0
  24.2	  5.9
  13.9	  4.5
  26.8	  6.2
  17.2	  5.0
   2.9	  2.0
   0.0	  0.0
   1.4	  1.4
  17.4	  5.0
   9.7	  3.7
   5.5	  2.8
   2.8	  2.0
   9.5	  3.7
   9.1	  3.6
  18.7	  5.2
  25.5	  6.1
  18.1	  5.1
  47.9	  8.4
  25.9	  5.9
  26.3	  5.8
  44.0	  7.5
  61.1	  8.8
  44.5	  7.5
  51.8	  8.1
  48.3	  7.9
  57.3	  8.5
  78.7	 10.0
 102.8	 11.4
  98.7	 11.2
 112.8	 11.9
 101.6	 11.3
  99.9	 11.2
  88.0	 10.5
  68.4	  9.3
 173.4	 14.8
 180.7	 15.1
  98.8	 11.2
 132.7	 12.9
 134.5	 13.0
  99.0	 11.2
 130.2	 12.8
 174.1	 14.8
 129.0	 12.7
 191.7	 15.5
 262.7	 18.2
 266.9	 18.3
 293.6	 19.2
 226.3	 16.9
 220.9	 16.7
 256.5	 18.0
 226.8	 16.9
 244.3	 17.5
 246.0	 17.6
 216.7	 16.5
 147.2	 13.6
 209.0	 16.2
 238.7	 17.4
 270.9	 18.5
 242.6	 17.5
 152.9	 13.9
 171.8	 14.7
 183.7	 15.2
 133.9	 13.0
 148.5	 13.7
 175.7	 14.9
 150.8	 13.8
 132.7	 12.9
 200.3	 15.9
 147.5	 13.6
 170.4	 14.7
 179.5	 15.0
 183.3	 15.2
 176.0	 14.9
 155.0	 14.0
 191.1	 15.5
 171.2	 14.7
 186.8	 15.3
 139.9	 13.3
 144.6	 13.5
 178.4	 15.0
 164.0	 14.4
 127.1	 12.7
  80.0	 10.1
  74.8	  9.8
 111.7	 11.9
 113.8	 12.0
  78.7	 10.0
  78.6	 10.0
  92.5	 10.8
  82.0	 10.2
 101.4	 11.3
 107.1	 11.6
  77.5	  9.9
  53.5	  8.2
  74.6	  9.7
  63.8	  9.0
 113.2	 11.9
 102.3	 11.3
  46.8	  7.7
  57.4	  8.5
  48.2	  7.8
  48.8	  7.9
  24.4	  5.7
  35.9	  6.8
  56.4	  8.4
  48.6	  7.8
  19.2	  5.1
  39.9	  7.1
  20.9	  5.3
  24.4	  5.7
   4.0	  2.9
  21.3	  5.3
  29.6	  6.3
  16.5	  4.8
  23.9	  5.7
  25.1	  5.7
  51.1	  8.1
   3.9	  2.9
   8.5	  3.7
   2.7	  2.6
  25.5	  5.8
  14.8	  4.5
  16.6	  4.8
  23.9	  5.6
  16.6	  4.8
  13.6	  4.4
  40.6	  7.2
  14.5	  4.4
  19.9	  5.2
  26.3	  5.9
  36.1	  6.8
  23.6	  5.5
  10.0	  3.8
  10.5	  3.9
  28.1	  6.0
  11.2	  4.1
  23.6	  5.6
   3.5	  2.7
   5.5	  3.1
  11.0	  4.1
  13.1	  4.3
   0.2	  2.0
   9.9	  3.9
  10.7	  4.0
   0.2	  2.0
   0.0	  2.0
   8.8	  3.7
   1.9	  2.4
   6.8	  3.3
   0.9	  2.2
   1.6	  2.3
   0.9	  2.2
   0.0	  2.0
  10.4	  3.9
   4.0	  2.8
   8.0	  3.6
  12.6	  4.2
  17.9	  5.0
  10.1	  3.8
  20.4	  5.2
  21.9	  5.4
  12.2	  4.1
  40.1	  7.2
  45.4	  7.6
  32.1	  6.4
  32.4	  6.4
  39.1	  7.1
  56.9	  8.5
  36.5	  6.8
  80.3	 10.1
 110.1	 11.8
  71.7	  9.5
  51.1	  8.1
  49.4	  7.9
  60.6	  8.7
  88.6	 10.6
  85.8	 10.4
  86.1	 10.4
  72.5	  9.6
 100.8	 11.3
 128.2	 12.7
  97.3	 11.1
  88.6	 10.6
 107.3	 11.6
  91.5	 10.7
  78.8	 10.0
  75.0	  9.7
 115.9	 12.1
 111.5	 11.8
 159.6	 14.2
 106.9	 11.6
  75.4	  9.8
  75.7	  9.8
  67.5	  9.2
  96.1	 11.0
  98.6	 11.2
 140.6	 13.3
  69.7	  9.4
 101.0	 11.3
  78.2	 10.0
  71.3	  9.5
 136.8	 13.1
  52.5	  8.1
 127.2	 12.7
 134.4	 13.0
  76.6	  9.8
  87.8	 10.5
 139.6	 13.3
 140.8	 13.3
 126.5	 12.6
 152.6	 13.9
 144.8	 13.5
 145.8	 13.6
 126.9	 12.7
 110.9	 11.8
  85.3	 10.4
  88.5	 10.6
  93.1	 10.8
 103.1	 11.4
  79.6	 10.0
  60.9	  8.8
  78.6	 10.0
  71.4	  9.5
 119.7	 12.3
  82.9	 10.2
  91.7	 10.8
 121.6	 12.4
 139.5	 13.3
 110.9	 11.8
  83.5	 10.3
  66.0	  9.1
  64.5	  9.1
  51.6	  8.1
  36.3	  6.8
  49.8	  8.0
  43.2	  7.4
  95.5	 11.0
  72.9	  9.6
  51.2	  8.0
  45.3	  7.6
  50.4	  8.0
  28.1	  6.0
  35.7	  6.8
  14.4	  4.3
   0.6	  2.1
  21.7	  5.3
  17.0	  4.8
  22.0	  5.4
   7.1	  3.3
  11.6	  4.0
  33.4	  6.5
  26.1	  5.7
  38.9	  7.0
  35.7	  6.8
  12.4	  4.2
  11.0	  3.9
  11.5	  4.0
  34.5	  6.6
  21.2	  5.3
  11.8	  4.1
  13.1	  4.3
   8.5	  3.5
  11.7	  4.1
  11.8	  4.0
   5.0	  2.9
   4.6	  2.9
  14.6	  4.4
   3.4	  2.7
  17.9	  4.8
  11.1	  3.9
   1.3	  2.3
  14.2	  4.5
  11.1	  4.0
   7.3	  3.4
   4.0	  2.8
  10.8	  4.0
  15.8	  4.6
  34.3	  6.7
  10.9	  3.9
   3.4	  2.6
   0.3	  2.0
  11.2	  4.1
   8.8	  3.6
   1.1	  2.2
   8.5	  3.6
   2.7	  2.5
   7.9	  3.5
   2.2	  2.4
  19.3	  5.1
  14.2	  4.4
  28.6	  6.0
  18.6	  5.0
  15.9	  4.7
  13.1	  4.2
  22.5	  5.5
  36.9	  6.9
  17.2	  4.7
  34.2	  6.6
  68.5	  9.3
  80.4	 10.1
  98.0	 11.1
  55.1	  8.3
  89.7	 10.7
  86.0	 10.4
  69.8	  9.4
  54.3	  8.3
 115.2	 12.1
 126.1	 12.6
  83.3	 10.3
 116.0	 12.1
 132.7	 12.9
 127.3	 12.7
 127.6	 12.7
 169.0	 14.6
 104.7	 11.5
 117.5	 12.2
 108.9	 11.7
 131.0	 12.9
 125.0	 10.0
 121.6	  9.8
 109.5	  9.3
 146.8	 10.8
 141.3	 10.6
 149.8	 10.9
 147.6	 10.9
 215.4	 13.1
 129.9	 10.2
 133.3	 10.3
 125.2	 10.0
 156.4	 11.2
 138.6	 10.5
 141.0	 10.6
  87.1	  8.3
 136.0	 10.4
 168.7	 11.6
 164.8	 11.5
 176.7	 11.9
 117.1	  9.6
 110.0	  9.4
 125.7	 10.0
  94.3	  8.7
 100.1	  8.9
 105.4	  9.2
 112.0	  9.4
 101.6	  9.0
 128.2	 10.1
 112.5	  9.4
 119.1	  9.7
  79.7	  8.0
 114.9	  9.6
  96.1	  8.8
 113.2	  9.5
  78.6	  7.9
 117.9	  9.7
  48.4	  6.2
  95.7	  8.7
  86.5	  8.3
  73.0	  7.6
  46.1	  6.1
  81.7	  8.1
  75.2	  7.7
  45.4	  6.0
 102.2	  9.0
  47.9	  6.2
  63.3	  7.1
  71.0	  7.5
  67.6	  7.3
  49.0	  6.2
  48.7	  6.2
  51.7	  6.4
  33.3	  5.2
  18.9	  4.0
  46.1	  6.1
  36.4	  5.4
  80.4	  8.0
  23.9	  4.5
  14.0	  3.5
  55.5	  6.7
  50.4	  6.3
  60.7	  7.0
  63.9	  7.2
  24.2	  4.5
  43.0	  5.9
  37.1	  5.4
  15.0	  3.7
  52.3	  6.5
  58.1	  6.8
  57.1	  6.8
  51.6	  6.4
  21.1	  4.2
  32.4	  5.1
  15.3	  3.7
  30.3	  5.0
  23.6	  4.4
  12.9	  3.3
  34.1	  5.2
  22.5	  4.4
   4.9	  2.6
  14.0	  3.5
  21.7	  4.4
  13.0	  3.4
  17.6	  3.9
  15.7	  3.7
  22.8	  4.5
  14.4	  3.6
  26.8	  4.6
  25.3	  4.6
  20.1	  4.2
  13.9	  3.6
   7.1	  2.9
  13.9	  3.6
  21.6	  4.3
   7.5	  2.9
   0.5	  2.0
   0.4	  2.0
   4.0	  2.4
   7.4	  3.0
   0.0	  2.0
  17.0	  4.0
   9.7	  3.1
   1.2	  2.1
   1.7	  2.2
   0.9	  2.1
   6.3	  2.8
   6.4	  2.7
   0.0	  2.0
   9.3	  3.2
   0.0	  2.0
  20.7	  4.3
   0.0	  2.0
   4.7	  2.5
   2.4	  2.3
   1.5	  2.2
   3.8	  2.4
  12.6	  3.5
  27.2	  4.7
  17.2	  4.0
   1.8	  2.2
  13.9	  3.5
  28.4	  4.8
  22.5	  4.4
  43.5	  5.9
  24.3	  4.5
  27.2	  4.7
  46.4	  6.1
  48.0	  6.2
  18.5	  4.0
  64.8	  7.2
  74.2	  7.7
  76.2	  7.8
  52.6	  6.5
  40.8	  5.7
  61.9	  7.0
  71.6	  7.6
  65.7	  7.2
  69.8	  7.5
  84.3	  8.2
  97.1	  8.8
  50.2	  6.3
  90.4	  8.5
  63.4	  7.1
  91.1	  8.5
  91.2	  8.5
 143.0	 10.7
  94.3	  8.7
  65.5	  7.2
  79.9	  8.0
  81.6	  8.1
 121.6	  9.8
  98.1	  8.8
  91.8	  8.5
 131.2	 10.2
 178.7	 11.9
  92.5	  8.6
  75.8	  7.8
  52.3	  6.5
 107.4	  9.2
  92.2	  8.6
  96.2	  8.7
 105.3	  9.2
 172.7	 11.7
  79.6	  8.0
  93.5	  8.6
  29.7	  4.9
  64.8	  7.2
 108.0	  9.3
 127.4	 10.1
 180.3	 12.0
 101.1	  9.0
  87.6	  8.4
  71.4	  7.5
  67.2	  7.3
  82.9	  8.1
  90.5	  8.5
 141.7	 10.6
 109.1	  9.3
 102.5	  9.0
  78.9	  7.9
  65.4	  7.2
  56.6	  6.7
  47.9	  6.2
  96.1	  8.7
  68.0	  7.4
  80.2	  8.0
  65.8	  7.2
 150.9	 11.0
 144.9	 10.7
  53.9	  6.6
  75.9	  7.8
  65.9	  7.2
  94.6	  8.7
  77.6	  7.9
 110.5	  9.4
  53.7	  6.5
  60.0	  6.9
  37.8	  5.5
  59.6	  6.9
  38.5	  5.5
  64.7	  7.2
  97.4	  8.8
  93.0	  8.6
  90.2	  8.5
  44.0	  5.9
  52.5	  6.5
  35.7	  5.3
  14.1	  3.5
  36.9	  5.4
  20.5	  4.1
  23.5	  4.4
  19.3	  4.1
  43.7	  5.9
  63.9	  7.1
   8.3	  3.0
   9.6	  3.1
   5.6	  2.6
  15.0	  3.7
  13.0	  3.5
  27.6	  4.7
  15.1	  3.7
   3.7	  2.4
   5.9	  2.7
   6.7	  2.7
   6.7	  2.8
   4.5	  2.5
   7.0	  2.7
   3.7	  2.4
   0.4	  2.1
   0.0	  2.0
   8.2	  2.9
   7.6	  3.0
   7.4	  2.8
   6.9	  2.7
   4.9	  2.6
   0.5	  2.1
  15.9	  3.7
   7.6	  3.0
   1.9	  2.3
  10.6	  3.3
   3.8	  2.4
   4.8	  2.6
   0.8	  2.1
   1.6	  2.2
   0.0	  2.0
   0.0	  2.0
   2.9	  2.4
   0.4	  2.0
   2.0	  2.3
   5.2	  2.6
   1.2	  2.1
   6.3	  2.8
   4.7	  2.6
   4.4	  2.5
   5.3	  2.6
  28.9	  4.8
   8.7	  3.1
  19.1	  4.1
   9.1	  3.0
  12.9	  3.5
  21.2	  4.2
  13.7	  3.5
  27.3	  4.7
  37.3	  5.4
  38.5	  5.5
  70.4	  7.5
  64.8	  7.2
  68.9	  7.4
  55.1	  6.7
 114.7	  9.5
 119.4	  9.7
 116.0	  9.6
  82.4	  8.1
  89.1	  8.4
  70.9	  7.5
  57.5	  6.8
  75.5	  7.8
  92.4	  8.6
 111.7	  9.4
 119.8	  9.8
 124.0	  9.9
 112.9	  9.5
  89.3	  8.4
  58.6	  6.9
  75.1	  7.7
  84.5	  8.2
 109.5	  9.3
  88.3	  8.4
 124.5	 10.0
 119.9	  9.8
 158.0	 11.2
 124.6	 10.0
 190.2	 12.3
 191.4	 12.3
 199.7	 12.6
 257.7	 14.3
 215.6	 13.1
 120.3	  9.8
 160.7	 11.3
 215.5	 13.1
 160.0	 11.3
 108.7	  9.3
 120.4	  9.8
 134.1	 10.3
 127.9	 10.1
  99.0	  8.9
 179.5	 11.9
 169.6	 11.6
 133.2	 10.3
 141.7	 10.6
 139.0	 10.5
  98.5	  8.9
  80.2	  8.0
 132.5	 10.3
 110.9	  9.4
  86.3	  8.3
 146.9	 10.8
 185.3	 12.1
 107.8	  9.3
 115.1	  9.6
  91.1	  8.5
  88.0	  8.4
  69.9	  7.5
  58.0	  6.8
  85.3	  8.2
  89.8	  8.5
 116.9	  9.6
  24.7	  4.5
  55.4	  6.6
  64.6	  7.2
  45.7	  6.0
  31.9	  5.1
  60.5	  7.0
  82.7	  8.1
  45.3	  6.0
  49.8	  6.3
  52.5	  6.5
  47.1	  6.1
  44.5	  6.0
  54.0	  6.6
  37.0	  5.5
  56.2	  6.7
  69.7	  7.4
  38.0	  5.5
  29.6	  4.9
  30.3	  5.0
  29.6	  5.0
  33.9	  5.3
  19.7	  4.1
  43.9	  6.0
  91.3	  8.5
  18.3	  4.0
  13.4	  3.5
   9.8	  3.1
  18.3	  4.0
  10.9	  3.3
   7.8	  2.8
  10.4	  3.2
  12.2	  3.3
  29.0	  5.0
   7.5	  3.0
   2.5	  2.3
   5.5	  2.6
  10.2	  3.1
   5.3	  2.6
  15.3	  3.7
   5.9	  2.7
   0.8	  2.1
  22.1	  4.2
  19.5	  4.0
  16.7	  3.8
   4.6	  2.6
   0.8	  2.1
   8.5	  3.1
   3.0	  2.4
  18.9	  4.2
  34.6	  5.3
  40.0	  5.6
  46.9	  6.1
  32.1	  5.1
  41.9	  5.8
  42.6	  5.8
  37.5	  5.6
  27.5	  4.8
   9.1	  3.1
  38.6	  5.6
  30.0	  5.0
  53.0	  6.5
  71.4	  7.5
  79.1	  7.9
  64.2	  7.2
  63.3	  7.1
 100.3	  8.9
 115.3	  9.6
  97.6	  8.8
 164.4	 11.4
 119.7	  9.8
 116.4	  9.6
 104.2	  9.1
  64.2	  7.2
 107.0	  9.2
 122.4	  9.9
  87.2	  8.3
 102.7	  9.0
 101.4	  9.0
 119.3	  9.7
 100.8	  9.0
 132.4	 10.3
 136.0	 10.4
 155.1	 11.1
 116.1	  9.6
 155.8	 11.1
 131.9	 10.2
  98.5	  8.8
  91.6	  8.5
  89.6	  8.4
 114.1	  9.5
 105.2	  9.1
 112.1	  9.4
  75.3	  7.7
 139.2	 10.5
 122.4	  9.9
 142.4	 10.7
 134.3	 10.3
 128.3	 10.1
 152.4	 11.0
 163.4	 11.4
 139.6	 10.5
 149.6	 10.9
 102.3	  9.0
  83.9	  8.2
  98.3	  8.8
 114.8	  9.6
 104.7	  9.1
  83.8	  8.2
  87.9	  8.4
  97.0	  8.8
 119.9	  9.8
 117.1	  9.6
 109.6	  9.3
  57.3	  6.8
  90.1	  8.5
 135.1	 10.4
 179.9	 12.0
 108.8	  9.3
  83.1	  8.1
  58.4	  6.8
  63.7	  7.1
  61.4	  7.0
  48.0	  6.2
  36.5	  5.4
  41.5	  5.7
  53.5	  6.5
  57.2	  6.8
  59.4	  6.9
  43.0	  5.9
  24.4	  4.5
  71.8	  7.6
  50.1	  6.3
  52.0	  6.4
  40.8	  5.7
  25.5	  4.7
  29.0	  4.8
  21.6	  4.3
  31.7	  5.0
  16.6	  3.7
  31.2	  5.1
  29.7	  4.9
  20.1	  4.1
  17.6	  3.9
  18.8	  4.0
  18.7	  4.1
  29.7	  4.9
  36.9	  5.4
  16.0	  3.8
  11.3	  3.3
   6.6	  2.7
  14.8	  3.5
  13.7	  3.5
  18.5	  3.9
  20.4	  4.2
  36.9	  5.6
  16.8	  3.8
   4.9	  2.6
   5.3	  2.6
   8.7	  3.0
   4.7	  2.6
   0.4	  2.0
   8.5	  3.0
   5.0	  2.6
   1.0	  2.1
   0.4	  2.1
   5.7	  2.7
  12.9	  3.4
   7.2	  2.8
  18.8	  4.0
  32.9	  5.2
  11.2	  3.3
  15.3	  3.7
  13.9	  3.6
   6.7	  2.8
   9.5	  3.0
  14.5	  3.6
  25.7	  4.7
  31.1	  5.0
  34.1	  5.2
  38.5	  5.6
  20.4	  4.2
  45.4	  6.1
  76.2	  7.8
  56.5	  6.7
  50.2	  6.3
  70.1	  7.5
  88.7	  8.4
 107.0	  9.2
 102.5	  9.0
 104.7	  9.1
 123.9	  9.9
 128.4	 10.1
 124.8	 10.0
  90.9	  8.5
 116.7	  9.6
  87.2	  8.3
 145.0	 10.7
 126.7	 10.0
 148.2	 10.9
 192.3	 12.4
 205.6	 12.8
 220.9	 13.3
 214.1	 13.0
 139.7	 10.5
 182.2	 12.0
 194.4	 12.4
 217.1	 13.1
 241.8	 13.9
 229.5	 13.5
 167.9	 11.6
 208.2	 12.9
 123.9	  9.9
 147.9	 10.8
 164.0	 11.4
 198.6	 12.6
 144.2	 10.7
 168.4	 11.6
 212.3	 13.0
 162.6	 11.4
 275.6	 14.8
 192.8	 12.4
 149.3	 10.9
 165.3	 11.5
 203.6	 12.7
 154.7	 11.1
 133.9	 10.3
 129.0	 10.1
 107.8	  9.3
 181.9	 12.0
 197.3	 12.5
 168.3	 11.6
 162.6	 11.4
 176.3	 11.8
 187.7	 12.2
 146.9	 10.8
 113.7	  9.5
  70.2	  7.5
  84.1	  8.2
  99.1	  8.9
 138.9	 10.5
 101.1	  9.0
  90.6	  8.5
 139.8	 10.5
 112.5	  9.5
 175.9	 11.8
 110.8	  9.4
  91.5	  8.5
  97.4	  8.8
 113.8	  9.5
  76.1	  7.8
  74.3	  7.7
  77.5	  7.8
  54.6	  6.6
  49.0	  6.3
  99.6	  8.9
 111.4	  9.4
 100.1	  8.9
 109.8	  9.4
  77.2	  7.8
  64.0	  7.2
  56.2	  6.7
  59.5	  6.9
  87.9	  8.4
  90.4	  8.5
 101.2	  9.0
  41.8	  5.8
  18.9	  4.0
  29.6	  4.9
  33.7	  5.2
  28.7	  4.8
  32.0	  5.1
  51.3	  6.4
  37.6	  5.5
  20.7	  4.1
  48.1	  6.2
  45.7	  6.0
  43.5	  5.9
  23.6	  4.3
  12.7	  3.4
  22.0	  4.3
  32.3	  5.1
  16.7	  3.9
  13.0	  3.4
  17.0	  3.9
  31.4	  5.1
   6.1	  2.7
   0.8	  2.1
  18.3	  4.0
   0.4	  2.1
   4.1	  2.6
   8.2	  2.8
   8.5	  2.9
  27.9	  4.8
  23.7	  4.4
  28.1	  4.8
  17.9	  3.9
  47.4	  6.2
  30.8	  5.0
  21.2	  4.2
  35.9	  5.4
  53.4	  6.5
  51.0	  6.4
  60.2	  6.9
  71.0	  7.5
  43.1	  5.9
  58.1	  6.8
 114.5	  9.5
  76.6	  7.8
  45.7	  6.0
  79.3	  7.9
 143.8	 10.7
 127.7	 10.1
 126.1	 10.0
 141.6	 10.6
 122.6	  9.9
 193.7	 12.4
 178.7	 11.9
 157.4	 11.2
 170.5	 11.6
 206.3	 12.8
 202.9	 12.7
 163.7	  8.5
 188.9	  9.2
 183.8	  9.1
 212.1	  9.7
 285.0	 11.3
 232.1	 10.2
 223.5	 10.0
 267.4	 10.9
 239.9	 10.4
 231.7	 10.2
 181.3	  9.0
 164.9	  8.6
 153.6	  8.3
 122.0	  7.4
 134.3	  7.7
 268.5	 11.0
 246.4	 10.5
 237.5	 10.3
 201.4	  9.5
 223.7	 10.0
 202.9	  9.5
 192.9	  9.3
 135.6	  7.8
 195.3	  9.3
 168.6	  8.7
 258.0	 10.8
 223.0	 10.0
 208.1	  9.7
 150.4	  8.2
 172.4	  8.8
 178.3	  8.9
 175.3	  8.9
 205.8	  9.6
 186.3	  9.1
 203.2	  9.5
 166.6	  8.6
 143.9	  8.0
 134.3	  7.7
 155.4	  8.3
 160.6	  8.5
 150.5	  8.2
 118.3	  7.3
 128.9	  7.6
 120.6	  7.3
  72.7	  5.7
  87.0	  6.2
  77.7	  5.9
  76.7	  5.9
  85.0	  6.2
  84.8	  6.1
  79.3	  5.9
 131.7	  7.7
 153.7	  8.3
 142.4	  8.0
  87.2	  6.2
  86.5	  6.2
 117.7	  7.2
  73.3	  5.7
  74.2	  5.7
  65.0	  5.4
  57.9	  5.1
  32.4	  3.8
  31.5	  3.8
  41.7	  4.3
  33.6	  3.9
  52.0	  4.8
  56.1	  5.0
  77.8	  5.9
  40.4	  4.3
  34.2	  3.9
  31.8	  3.8
  48.9	  4.7
  37.9	  4.1
   5.9	  1.7
  14.7	  2.6
  39.6	  4.2
  18.3	  2.9
  31.5	  3.8
  12.7	  2.4
  33.6	  3.9
  28.0	  3.6
  12.3	  2.4
   2.5	  1.1
   3.9	  1.3
   0.4	  0.4
   0.8	  0.6
  15.8	  2.7
   2.7	  1.1
   1.2	  0.7
   0.4	  0.4
   7.3	  1.9
  12.6	  2.4
   2.3	  1.0
  10.5	  2.2
  13.4	  2.5
  11.3	  2.3
  33.4	  3.9
  29.9	  3.7
   7.3	  1.9
  16.4	  2.7
  41.3	  4.3
  45.2	  4.5
  38.2	  4.1
  58.0	  5.1
  60.8	  5.2
  83.0	  6.1
 126.3	  7.5
 108.8	  6.9
 104.1	  6.8
 175.6	  8.9
 167.7	  8.6
 156.7	  8.4
 193.4	  9.3
 165.1	  8.6
 182.7	  9.0
 240.2	 10.4
 245.4	 10.5
 219.9	  9.9
 285.0	 11.3
 272.0	 11.0
 233.7	 10.2
 184.5	  9.1
 222.8	 10.0
 248.0	 10.5
 233.0	 10.2
 284.3	 11.3
 265.1	 10.9
 223.7	 10.0
 334.0	 12.3
 359.4	 12.7
 298.6	 11.6
 339.0	 12.3
 286.7	 11.3
 233.6	 10.2
 270.0	 11.0
 277.6	 11.2
 248.2	 10.5
 242.9	 10.4
 271.0	 11.0
 283.5	 11.3
 285.1	 11.3
 256.9	 10.7
 215.6	  9.8
 265.7	 10.9
 307.7	 11.7
 202.6	  9.5
 263.0	 10.9
 231.3	 10.2
 243.6	 10.4
 238.9	 10.3
 211.9	  9.7
 282.6	 11.3
 205.6	  9.6
 157.7	  8.4
 175.6	  8.9
 177.1	  8.9
 207.2	  9.6
 149.9	  8.2
 144.6	  8.0
 172.7	  8.8
 169.3	  8.7
 156.0	  8.3
 172.4	  8.8
 190.0	  9.2
 180.1	  9.0
 117.3	  7.2
 126.9	  7.5
 121.2	  7.4
  82.1	  6.0
  65.4	  5.4
  75.2	  5.8
  86.9	  6.2
  72.3	  5.7
 109.5	  7.0
  99.3	  6.6
  79.2	  6.0
  90.1	  6.3
  53.7	  4.9
  46.5	  4.6
  56.9	  5.0
  55.1	  5.0
  71.7	  5.7
  64.9	  5.4
  65.9	  5.4
  61.9	  5.2
  59.6	  5.2
  31.4	  3.8
  31.5	  3.8
  72.7	  5.7
  56.1	  5.0
  38.8	  4.2
  33.2	  3.9
  28.7	  3.6
  35.2	  4.0
  24.8	  3.4
  41.7	  4.3
  61.1	  5.2
  51.2	  4.8
  28.7	  3.6
  47.5	  4.6
  55.2	  5.0
  50.1	  4.7
  33.7	  3.9
  21.6	  3.2
  22.6	  3.2
  25.3	  3.4
  24.1	  3.3
  12.9	  2.5
  14.3	  2.6
  13.5	  2.5
   4.8	  1.5
  13.8	  2.5
   7.0	  1.8
   9.2	  2.1
  11.1	  2.3
  22.1	  3.2
  25.4	  3.4
  20.8	  3.1
  17.5	  2.8
  10.2	  2.2
  34.5	  3.9
  23.3	  3.3
  17.3	  2.8
  13.3	  2.5
  24.5	  3.4
  29.1	  3.6
  22.8	  3.2
  24.7	  3.4
  40.3	  4.3
  35.3	  4.0
  36.4	  4.0
  69.0	  5.5
  64.2	  5.3
  67.7	  5.5
  80.2	  6.0
  72.6	  5.7
  71.1	  5.6
  81.2	  6.0
  81.0	  6.0
  99.8	  6.7
 157.0	  8.4
 132.6	  7.7
 158.3	  8.4
  98.4	  6.6
 122.5	  7.4
  95.4	  6.5
 129.5	  7.6
 151.8	  8.2
 108.7	  7.0
 125.0	  7.5
 133.6	  7.7
 179.0	  8.9
 172.5	  8.8
 158.5	  8.4
 130.5	  7.6
 115.0	  7.2
 180.0	  9.0
 156.2	  8.3
 136.2	  7.8
 154.8	  8.3
 166.0	  8.6
 152.5	  8.2
 121.7	  7.4
 155.5	  8.3
 147.8	  8.1
 170.5	  8.7
 192.3	  9.3
 151.1	  8.2
 169.9	  8.7
 150.1	  8.2
 137.1	  7.8
 138.8	  7.9
 129.3	  7.6
 135.4	  7.8
 132.4	  7.7
 138.6	  7.9
 157.9	  8.4
 180.8	  9.0
 145.7	  8.1
 155.1	  8.3
 180.5	  9.0
 151.3	  8.2
 159.3	  8.4
 131.7	  7.7
 140.8	  7.9
 122.6	  7.4
 134.8	  7.8
 118.2	  7.2
 129.2	  7.6
 111.8	  7.0
  85.9	  6.2
 101.6	  6.7
  81.5	  6.0
  70.7	  5.6
 114.7	  7.1
  87.0	  6.2
  71.3	  5.6
  73.4	  5.7
  89.5	  6.3
 116.5	  7.2
  87.0	  6.2
 125.3	  7.5
 113.5	  7.1
  89.6	  6.3
 113.9	  7.1
 124.7	  7.4
 108.3	  6.9
 108.9	  7.0
  90.7	  6.4
  86.9	  6.2
  59.2	  5.2
  64.3	  5.4
  61.8	  5.2
  60.9	  5.2
  65.4	  5.4
  81.8	  6.0
  60.3	  5.2
  56.1	  5.0
  33.2	  3.9
  36.6	  4.1
  84.1	  6.1
  43.7	  4.4
  34.3	  3.9
  33.3	  3.9
  39.4	  4.2
  37.3	  4.1
  30.9	  3.8
  57.5	  5.1
  56.3	  5.0
  51.5	  4.8
  79.1	  5.9
  47.9	  4.6
  57.2	  5.0
  67.2	  5.5
  35.9	  4.0
  29.6	  3.7
  27.3	  3.5
  16.7	  2.8
  16.9	  2.8
   7.7	  1.9
  13.1	  2.5
  16.7	  2.8
  40.4	  4.3
  56.7	  5.0
  20.3	  3.1
  13.6	  2.5
  27.9	  3.6
  11.6	  2.3
  11.9	  2.3
   6.4	  1.7
  31.5	  3.8
  27.3	  3.5
  18.2	  2.9
  17.9	  2.9
   2.9	  1.2
  24.1	  3.3
  20.0	  3.0
  29.7	  3.7
   7.9	  1.9
  22.3	  3.2
  23.8	  3.3
  33.3	  3.9
  13.0	  2.5
  19.0	  3.0
  27.0	  3.5
  54.9	  5.0
  30.6	  3.7
  43.0	  4.4
  62.4	  5.3
  62.1	  5.3
  41.6	  4.3
  61.4	  5.2
  73.7	  5.7
 132.6	  7.7
 108.4	  6.9
 141.2	  7.9
 117.1	  7.2
 134.6	  7.8
  99.7	  6.7
  82.4	  6.0
 195.7	  9.3
 177.1	  8.9
 138.5	  7.9
 173.9	  8.8
 235.9	 10.3
 194.7	  9.3
 195.3	  9.3
 143.7	  8.0
 190.3	  9.2
 211.7	  9.7
 225.7	 10.0
 201.4	  9.5
 266.9	 10.9
 263.6	 10.9
 259.5	 10.8
 249.6	 10.6
 226.1	 10.1
 219.4	  9.9
 178.7	  8.9
 232.2	 10.2
 254.7	 10.7
 222.7	 10.0
 192.9	  9.3
 191.7	  9.3
 219.6	  9.9
 233.3	 10.2
 209.5	  9.7
 246.9	 10.5
 156.6	  9.5
 189.9	 12.4
 196.6	 11.6
 225.3	 14.9
 194.7	 13.4
 131.6	  9.5
 205.3	 13.0
 242.5	 13.9
 245.3	 18.5
 216.2	 12.1
 186.0	 14.2
 195.4	 11.9
 149.8	 10.2
 230.9	 13.6
 221.1	 11.4
 170.3	  8.3
 119.3	  8.5
 163.7	 11.2
 139.4	 14.0
 161.9	 11.8
 167.4	  9.7
 134.3	 10.4
 127.5	 18.6
 169.0	 15.4
 115.5	  8.7
  73.1	  6.3
  88.7	  7.1
 109.6	  9.7
 132.5	  9.4
 131.5	  8.2
 108.9	  7.3
  96.0	  8.4
  69.9	  5.5
  72.5	  7.0
  45.7	  7.3
  45.6	  5.5
  74.8	  6.5
 110.2	  8.1
 116.7	  8.7
  90.4	  7.6
  96.9	  7.0
  65.1	  5.4
  55.7	  5.1
  35.0	  3.4
  22.6	  3.9
  12.6	  3.8
  26.5	  4.7
  21.4	  3.9
  17.8	  3.9
  20.7	  3.8
  16.9	  3.9
  20.4	  3.7
  32.4	  3.7
  28.3	  3.9
  39.9	  3.8
  10.1	  3.5
   4.3	  2.4
  22.0	  4.2
  17.9	  2.6
  15.8	  4.6
   2.8	  2.8
  27.9	  3.6
  13.8	  3.8
  22.4	  4.1
  16.1	  3.6
   0.6	  2.1
  18.1	  3.9
   9.9	  2.3
   5.1	  3.0
  40.1	  4.4
  15.4	  4.3
   5.8	  2.8
   9.8	  2.7
   3.4	  2.6
  17.4	  3.0
  46.0	  4.4
  39.1	  3.5
  18.8	  3.5
  38.2	  4.3
  47.9	  3.3
  42.2	  3.5
  63.4	  4.8
  48.8	  5.1
  29.1	  3.2
  70.5	  5.5
  45.4	  4.6
  91.2	  5.7
 108.8	  6.7
  74.2	  6.1
 124.3	  8.3
 131.4	  9.6
 139.4	  9.0
 142.7	  9.4
 156.5	  9.7
 156.8	  8.9
 231.2	 13.5
 210.1	 15.0
 208.7	 12.7
 170.4	 10.2
 166.3	  9.7
 195.4	 10.6
 284.5	 15.5
 180.5	 10.2
 232.0	 13.5
 225.1	 14.9
 212.2	 11.2
 238.2	 15.2
 211.4	 13.5
 227.4	 13.6
 171.8	 11.3
 191.7	 11.0
 189.7	 10.1
 175.2	 10.0
 153.3	  9.1
 191.1	  9.8
 252.1	 12.8
 169.1	  9.2
 199.4	 12.6
 178.8	 12.3
 197.1	 12.6
 195.3	 14.5
 240.3	 13.9
 197.0	 11.8
 197.6	 11.9
 166.9	  9.9
 224.7	 12.9
 240.2	 13.7
 240.8	 14.3
 168.9	 11.3
 197.1	 13.2
 159.5	 10.1
 212.6	 14.1
 198.3	 12.9
 230.7	 14.5
 151.0	  9.2
 142.2	  9.5
  94.3	  7.7
  98.5	  6.6
 114.2	  7.7
  91.9	  6.7
  94.0	  5.5
 133.4	  8.2
 129.6	  8.2
 122.0	  8.4
  81.4	  5.9
 127.8	  8.3
 102.4	  6.6
  94.4	  6.7
  78.8	  5.7
  69.6	  5.4
  80.4	  5.4
  62.5	  5.0
  31.2	  4.5
  71.1	  5.5
  48.2	  4.4
  68.4	  5.9
  84.9	  6.6
  54.9	  4.8
  47.5	  4.1
  27.4	  3.9
  29.8	  4.1
  39.7	  5.0
  50.6	  4.3
  34.3	  3.2
  40.5	  4.1
  67.1	  4.2
  29.5	  4.7
  32.2	  3.5
  32.6	  5.3
  45.8	  3.9
  46.3	  3.8
  21.6	  3.6
  19.4	  2.8
  22.5	  3.8
  20.4	  3.1
  18.2	  3.6
  15.7	  3.0
  30.6	  3.7
  14.0	  3.7
  14.9	  3.6
  13.3	  3.4
   7.7	  3.4
  12.6	  3.1
   6.8	  2.5
   7.6	  3.1
  16.5	  2.9
  11.8	  2.6
  19.7	  3.5
   3.0	  2.5
   0.7	  2.1
  24.9	  4.4
  14.0	  2.9
   7.4	  3.2
  11.0	  2.9
  12.1	  2.4
  23.0	  3.3
  25.4	  2.8
  20.8	  2.5
  12.9	  4.2
  35.7	  3.8
  59.7	  4.8
  32.8	  3.6
  50.4	  4.7
  55.5	  4.6
  44.5	  4.6
  50.2	  4.6
  82.0	  5.9
  70.6	  7.2
  74.0	  4.8
  90.5	  6.0
  96.7	  6.3
 121.1	  7.4
 132.0	  8.6
  78.5	  6.6
  97.3	  6.8
 119.2	  9.4
  86.0	  7.6
  98.0	  7.6
 103.5	  6.8
  93.6	  7.5
 149.6	  8.5
 207.2	 10.5
 173.5	  9.3
 142.3	 12.9
 106.3	  6.5
 168.7	 10.4
 188.3	 12.3
 116.8	  9.3
 133.1	 10.4
 165.7	 10.4
 217.7	 11.9
 191.5	 10.2
 165.9	 10.1
 188.0	  8.8
 244.3	 12.0
 180.5	  9.4
 156.0	 11.2
 141.6	  8.0
 158.1	  8.9
 143.3	  8.7
 142.6	  9.2
 121.5	  8.1
 165.8	 11.9
 161.7	  9.4
 142.1	  8.3
 202.9	 10.8
 123.0	  8.4
 161.5	  9.3
 238.2	 12.1
 194.1	 11.3
 176.6	 13.3
 213.4	 12.5
 184.6	 11.7
 170.2	 11.3
 147.1	  9.1
 186.9	  9.8
 187.5	  9.7
 128.8	  7.7
 161.0	 11.0
 175.6	  9.8
 187.9	 10.1
 151.2	  8.0
 147.2	  8.2
 135.3	 10.0
 133.5	  7.4
  75.7	  5.7
 100.7	  7.5
  97.9	  6.4
  86.8	  6.6
 118.7	  7.9
 128.3	  7.9
 115.4	  7.3
  78.5	  5.8
  97.8	  8.8
  82.9	  6.3
  72.2	  5.3
  60.6	  5.2
  74.6	  6.0
  74.8	  5.1
  59.2	  5.1
  72.8	  5.7
  66.5	  6.8
  83.8	  8.8
  69.7	  5.5
  48.8	  5.3
  74.2	  5.5
  70.1	  5.4
  28.9	  3.4
  48.1	  4.6
  43.5	  4.3
  39.6	  3.8
  38.7	  3.8
  61.9	  5.7
  56.8	  5.3
  62.4	  6.1
  60.5	  5.3
  37.2	  4.5
  13.2	  3.4
  27.5	  4.1
  59.3	  3.9
  20.9	  3.4
   5.7	  3.7
  17.3	  4.2
  50.3	  5.1
  37.2	  3.9
  24.5	  3.3
  22.2	  2.4
  20.8	  2.5
  23.7	  3.0
  14.9	  2.4
  35.7	  3.5
  22.3	  3.5
  29.3	  2.8
  18.4	  2.7
   7.2	  2.8
   5.4	  2.4
  19.5	  3.3
  21.3	  3.4
  15.1	  1.9
   9.8	  2.2
   4.0	  2.1
   1.5	  2.4
   2.8	  2.5
  17.3	  3.1
   4.1	  2.8
   2.9	  2.4
  15.5	  2.7
   3.6	  2.3
   4.6	  3.2
   5.2	  2.3
   0.6	  2.0
   0.3	  2.0
   1.2	  2.4
   4.2	  2.9
   6.6	  2.4
   1.0	  2.0
   1.3	  2.0
   1.2	  2.2
   0.6	  2.0
   1.2	  2.2
   2.9	  2.4
   6.3	  2.7
   5.5	  2.6
   0.0	  2.0
   7.1	  2.2
   7.7	  2.7
   6.9	  3.2
  16.3	  3.5
  19.5	  2.5
  28.5	  2.7
  24.0	  3.6
  10.4	  3.3
  13.9	  3.4
  18.8	  3.0
  25.2	  3.4
  29.6	  3.4
  36.4	  4.0
  33.6	  3.9
  34.4	  3.7
  24.5	  3.6
  27.3	  3.1
  48.3	  5.1
  78.6	  6.9
  76.1	  6.2
  58.2	  5.0
  56.1	  5.0
  64.5	  4.8
  65.8	  5.6
 120.1	  8.8
 125.7	  9.0
 139.1	  9.9
 109.3	  8.4
  94.4	  7.1
  47.8	  4.4
  86.6	  7.3
  85.9	  6.9
  96.5	  7.2
  92.0	  6.5
 100.1	  7.3
  94.8	  6.5
  93.7	  8.1
  76.5	  5.1
  87.6	  6.5
  56.8	  5.1
  96.1	  6.3
  60.9	  4.4
  78.3	  6.1
 107.3	  6.8
 120.2	  8.2
  76.7	  5.2
  86.2	  6.7
  91.8	  6.6
  54.5	  5.3
 114.4	  8.2
 113.9	  8.2
 124.2	  9.1
 117.0	  8.2
 146.1	 10.7
 128.7	  8.6
 112.5	  6.9
 112.5	  7.5
 102.9	  7.7
 100.2	  7.4
 106.9	  7.6
 130.0	  8.7
  90.0	  6.9
 103.6	  8.5
 112.9	  7.4
  93.0	  7.5
  66.7	  5.3
  54.5	  4.8
  75.3	  8.2
  88.8	  8.6
  66.5	  6.3
  65.8	  5.7
  64.4	  5.2
  78.6	  6.4
  63.6	  5.4
  62.2	  5.2
  58.0	  5.4
  57.0	  4.7
  56.4	  5.1
  54.1	  4.9
  37.9	  3.5
  51.5	  4.7
  20.5	  2.0
  32.5	  3.7
  50.7	  4.4
  44.7	  3.8
  33.6	  3.2
  21.4	  2.3
