Precision:  1e-08

BiCGStab: 
x:  [1.         1.         1.00000001 1.00000001 1.00000001 1.00000001 1.00000001 1.00000002 1.00000002 1.00000002 1.00000002 1.00000002 1.00000003 1.00000003 1.00000003 1.00000003 1.00000003 1.00000004
 1.00000004 1.00000004 1.00000004 1.00000004 1.00000005 1.00000005 1.00000005 1.00000005 1.00000005 1.00000005 1.00000006 1.00000006 1.00000006 1.00000006 1.00000006 1.00000006 1.00000007 1.00000007
 1.00000007 1.00000007 1.00000007 1.00000007 1.00000007 1.00000007 1.00000007 1.00000007 1.00000007 1.00000008 1.00000008 1.00000008 1.00000008 1.00000008 1.00000008 1.00000008 1.00000008 1.00000008
 1.00000008 1.00000007 1.00000007 1.00000007 1.00000007 1.00000007 1.00000007 1.00000007 1.00000007 1.00000007 1.00000007 1.00000007 1.00000006 1.00000006 1.00000006 1.00000006 1.00000006 1.00000006
 1.00000005 1.00000005 1.00000005 1.00000005 1.00000005 1.00000005 1.00000004 1.00000004 1.00000004 1.00000004 1.00000004 1.00000003 1.00000003 1.00000003 1.00000003 1.00000003 1.00000002 1.00000002
 1.00000002 1.00000002 1.00000002 1.00000001 1.00000001 1.00000001 1.00000001 1.00000001 1.         1.        ]
Time:  0.03905 sec

Precond BiCGStab: 
x:  [1. 1. 1. 1. 1. 1. 1. 1. 1. 1. 1. 1. 1. 1. 1. 1. 1. 1. 1. 1. 1. 1. 1. 1. 1. 1. 1. 1. 1. 1. 1. 1. 1. 1. 1. 1. 1. 1. 1. 1. 1. 1. 1. 1. 1. 1. 1. 1. 1. 1. 1. 1. 1. 1. 1. 1. 1. 1. 1. 1. 1. 1. 1. 1. 1. 1.
 1. 1. 1. 1. 1. 1. 1. 1. 1. 1. 1. 1. 1. 1. 1. 1. 1. 1. 1. 1. 1. 1. 1. 1. 1. 1. 1. 1. 1. 1. 1. 1. 1. 1.]
Time:  0.0007 sec

BiCGStab from linalg: 
x:  [1. 1. 1. 1. 1. 1. 1. 1. 1. 1. 1. 1. 1. 1. 1. 1. 1. 1. 1. 1. 1. 1. 1. 1. 1. 1. 1. 1. 1. 1. 1. 1. 1. 1. 1. 1. 1. 1. 1. 1. 1. 1. 1. 1. 1. 1. 1. 1. 1. 1. 1. 1. 1. 1. 1. 1. 1. 1. 1. 1. 1. 1. 1. 1. 1. 1.
 1. 1. 1. 1. 1. 1. 1. 1. 1. 1. 1. 1. 1. 1. 1. 1. 1. 1. 1. 1. 1. 1. 1. 1. 1. 1. 1. 1. 1. 1. 1. 1. 1. 1.]
Time:  0.0429 sec
